#                                                                               --- full sequence --- -------------- this domain -------------   hmm coord   ali coord   env coord
# target name           accession   tlen query name           accession   qlen   E-value  score  bias   #  of  c-Evalue  i-Evalue  score  bias  from    to  from    to  from    to  acc description of target
#   ------------------- ---------- ----- -------------------- ---------- ----- --------- ------ ----- --- --- --------- --------- ------ ----- ----- ----- ----- ----- ----- ----- ---- ---------------------
TCONS_00003781:439-1509 -            357 78110at6656          -            231  2.2e-122  406.4   0.2   1   2   7.3e-08   0.00014   20.9   0.0     2    30    38    69    37    75 0.88 -
TCONS_00003781:439-1509 -            357 78110at6656          -            231  2.2e-122  406.4   0.2   2   2  9.8e-119  1.9e-115  383.7   0.1    26   231    89   308    82   308 0.95 -
TCONS_00010023:322-1392 -            357 78110at6656          -            231  2.2e-122  406.4   0.2   1   2   7.3e-08   0.00014   20.9   0.0     2    30    38    69    37    75 0.88 -
TCONS_00010023:322-1392 -            357 78110at6656          -            231  2.2e-122  406.4   0.2   2   2  9.8e-119  1.9e-115  383.7   0.1    26   231    89   308    82   308 0.95 -
TCONS_00006612:238-1335 -            366 78110at6656          -            231  2.3e-122  406.3   0.2   1   2   7.5e-08   0.00014   20.9   0.0     2    30    38    69    37    75 0.88 -
TCONS_00006612:238-1335 -            366 78110at6656          -            231  2.3e-122  406.3   0.2   2   2  1.1e-118    2e-115  383.6   0.1    26   231    89   308    82   308 0.95 -
TCONS_00006613:293-1390 -            366 78110at6656          -            231  2.3e-122  406.3   0.2   1   2   7.5e-08   0.00014   20.9   0.0     2    30    38    69    37    75 0.88 -
TCONS_00006613:293-1390 -            366 78110at6656          -            231  2.3e-122  406.3   0.2   2   2  1.1e-118    2e-115  383.6   0.1    26   231    89   308    82   308 0.95 -
TCONS_00008209:288-1385 -            366 78110at6656          -            231  2.3e-122  406.3   0.2   1   2   7.5e-08   0.00014   20.9   0.0     2    30    38    69    37    75 0.88 -
TCONS_00008209:288-1385 -            366 78110at6656          -            231  2.3e-122  406.3   0.2   2   2  1.1e-118    2e-115  383.6   0.1    26   231    89   308    82   308 0.95 -
#
# Program:         hmmsearch
# Version:         3.1b2 (February 2015)
# Pipeline mode:   SEARCH
# Query file:      /hpcdata/bcbb/homc/Barillaslab/Agam_hemo_transcriptomes/scripts/busco/busco_downloads/lineages/arthropoda_odb10/hmms/78110at6656.hmm
# Target file:     /hpcdata/bcbb/homc/Barillaslab/Agam_hemo_transcriptomes/scripts/busco/refguided_Agamhemo_BUSCO/run_arthropoda_odb10/metaeuk_output/initial_results/all_transcripts.comprehensive.v6.gffread.fa.modified.fas
# Option settings: hmmsearch --domtblout /hpcdata/bcbb/homc/Barillaslab/Agam_hemo_transcriptomes/scripts/busco/refguided_Agamhemo_BUSCO/run_arthropoda_odb10/hmmer_output/initial_run_results/78110at6656.out --cpu 1 /hpcdata/bcbb/homc/Barillaslab/Agam_hemo_transcriptomes/scripts/busco/busco_downloads/lineages/arthropoda_odb10/hmms/78110at6656.hmm /hpcdata/bcbb/homc/Barillaslab/Agam_hemo_transcriptomes/scripts/busco/refguided_Agamhemo_BUSCO/run_arthropoda_odb10/metaeuk_output/initial_results/all_transcripts.comprehensive.v6.gffread.fa.modified.fas 
# Current dir:     /hpcdata/bcbb/homc/Barillaslab/Agam_hemo_transcriptomes/scripts/busco
# Date:            Thu Feb  9 16:55:08 2023
# [ok]
