#                                                                               --- full sequence --- -------------- this domain -------------   hmm coord   ali coord   env coord
# target name           accession   tlen query name           accession   qlen   E-value  score  bias   #  of  c-Evalue  i-Evalue  score  bias  from    to  from    to  from    to  acc description of target
#   ------------------- ---------- ----- -------------------- ---------- ----- --------- ------ ----- --- --- --------- --------- ------ ----- ----- ----- ----- ----- ----- ----- ---- ---------------------
TCONS_00016245:163-1161 -            333 81919at6656          -            267  9.1e-130  431.0  29.2   1   3   1.1e-25   2.1e-22   79.0   2.4     2    66    13    78    12    80 0.92 -
TCONS_00016245:163-1161 -            333 81919at6656          -            267  9.1e-130  431.0  29.2   2   3   1.5e-72     3e-69  232.6   8.4    55   191    88   227    84   233 0.96 -
TCONS_00016245:163-1161 -            333 81919at6656          -            267  9.1e-130  431.0  29.2   3   3   1.1e-41   2.1e-38  131.5   3.0   188   266   242   321   236   322 0.95 -
TCONS_00003390:956-2503 -            516 81919at6656          -            267   3.1e-06   26.0  19.4   1   2   2.1e-07   0.00041   19.0  12.3     4   135    88   238    85   264 0.72 -
TCONS_00003390:956-2503 -            516 81919at6656          -            267   3.1e-06   26.0  19.4   2   2   0.00048      0.93    8.0   0.6   187   242   314   369   305   391 0.83 -
TCONS_00006332:884-1966 -            361 81919at6656          -            267   0.00013   20.7  19.1   1   2   1.2e-07   0.00022   19.9  12.6     4   136    88   239    85   264 0.72 -
TCONS_00006332:884-1966 -            361 81919at6656          -            267   0.00013   20.7  19.1   2   2     0.074   1.4e+02    0.9   0.5   187   228   314   355   306   360 0.86 -
TCONS_00058623:640-1824 -            395 81919at6656          -            267    0.0025   16.5  14.6   1   2   1.3e-06    0.0025   16.5  14.6    54   188    69   203     2   217 0.74 -
TCONS_00058623:640-1824 -            395 81919at6656          -            267    0.0025   16.5  14.6   2   2      0.34   6.6e+02   -1.3   0.6   213   244   247   277   219   298 0.50 -
TCONS_00058624:649-1833 -            395 81919at6656          -            267    0.0025   16.5  14.6   1   2   1.3e-06    0.0025   16.5  14.6    54   188    69   203     2   217 0.74 -
TCONS_00058624:649-1833 -            395 81919at6656          -            267    0.0025   16.5  14.6   2   2      0.34   6.6e+02   -1.3   0.6   213   244   247   277   219   298 0.50 -
#
# Program:         hmmsearch
# Version:         3.1b2 (February 2015)
# Pipeline mode:   SEARCH
# Query file:      /hpcdata/bcbb/homc/Barillaslab/Agam_hemo_transcriptomes/scripts/busco/busco_downloads/lineages/arthropoda_odb10/hmms/81919at6656.hmm
# Target file:     /hpcdata/bcbb/homc/Barillaslab/Agam_hemo_transcriptomes/scripts/busco/refguided_Agamhemo_BUSCO/run_arthropoda_odb10/metaeuk_output/initial_results/all_transcripts.comprehensive.v6.gffread.fa.modified.fas
# Option settings: hmmsearch --domtblout /hpcdata/bcbb/homc/Barillaslab/Agam_hemo_transcriptomes/scripts/busco/refguided_Agamhemo_BUSCO/run_arthropoda_odb10/hmmer_output/initial_run_results/81919at6656.out --cpu 1 /hpcdata/bcbb/homc/Barillaslab/Agam_hemo_transcriptomes/scripts/busco/busco_downloads/lineages/arthropoda_odb10/hmms/81919at6656.hmm /hpcdata/bcbb/homc/Barillaslab/Agam_hemo_transcriptomes/scripts/busco/refguided_Agamhemo_BUSCO/run_arthropoda_odb10/metaeuk_output/initial_results/all_transcripts.comprehensive.v6.gffread.fa.modified.fas 
# Current dir:     /hpcdata/bcbb/homc/Barillaslab/Agam_hemo_transcriptomes/scripts/busco
# Date:            Thu Feb  9 16:55:20 2023
# [ok]
